# X Y
0 0
1 1
2 2
3 3
4 4
5 5
6 6
7 7
8 8
9 9
10 10
11 11
12 12
13 13
14 14
15 15
16 16
17 17
18 18
19 19
20 20
21 21
22 22
23 23
24 24
25 25
26 26
27 27
28 28
29 29
30 30
31 31
32 32
33 33
34 34
35 35
36 36

0 5
4.3 -2.5
-5 -0.22
4.1 2.9
-1.8 -4.7
-0.99 4.9
3.5 -3.6
-4.9 1.1
4.7 1.7
-3 -4
0.33 5
2.4 -4.4
-4.4 2.3
5 0.44
-3.9 -3.1
1.6 4.7
1.2 -4.9
-3.7 3.4
4.9 -0.88
-4.6 -1.9
2.8 4.1
-0.11 -5
-2.6 4.3
4.5 -2.1
-5 -0.66
3.8 3.3
-1.4 -4.8
-1.4 4.8
3.8 -3.3
-5 0.66
4.5 2.1
-2.6 -4.3
-0.11 5
2.8 -4.1
-4.6 1.9
4.9 0.88
-3.7 -3.4
